20
30
543511113 152281337
3854189 698737988
969817883 533511555
-888621328 876809122
-599997293 606944425
673591634 417762410
909992206 114562027
993997140 453032564
719223458 478193118
-279250717 522013754
-567215305 900169709
166954419 336972271
-94572517 -117777463
208410907 416506878
568746866 298080776
175303007 -283510918
-506305413 105796304
-504373432 549764135
-879339754 -393103795
-242319347 270166216
-694503583 952464212
-283634443 139085596
-896800284 587306252
-624029925 -547147755
-658826791 544817707
366314450 -963042779
656504903 -418642332
-638642557 770902553
-195203359 -134784778
51449225 528562992
85
-728308152 316917967
-993048658 -578101956
-319230259 499347306
662834141 968806202
-472804424 -814022125
-793801162 386752327
968111459 189093213
-443950573 -56844064
16916690 141396435
-481497908 774192167
-957901256 -648697608
-503214439 216897257
35028621 -284353440
-512620388 -480814706
-444081521 880207295
924773918 430526085
-20083881 -524195842
-603724144 217285105
-227409064 -651543541
820506208 410481716
458899400 -424692849
366093907 480695760
-242359 -543817567
-817484007 168354640
156900498 -141895219
-596837374 -260272516
621940760 -102913719
-669765210 622871762
-935929576 -925885321
-235957423 -141186683
940701562 972085363
-107556435 755977872
-458291716 894238798
460946372 -962430260
-411221386 733373972
235068393 -808760205
339967371 -24576482
142339599 -783267988
-363572988 683494262
732731214 -912647915
-305900744 879828506
972799607 73191434
-579781090 781907815
-67316666 790363715
556552160 -493854528
690268469 -613472956
988887620 -861770687
920823207 855399311
515455807 -281977237
-686287488 336824000
950863835 960073745
356050233 905830199
-701728780 -287437463
29090851 749402327
168073501 850431027
-397857962 -229646856
728344852 815963871
-848079181 126587945
977745397 203009478
890733077 -361913770
-212702371 735687809
362503809 -680286831
228491204 -551246509
474219113 -585348200
-254632861 -43453117
183559328 559959209
-576252641 -150027586
-276450934 28457816
-108140284 -39153082
-51321385 938054043
-845062372 990437219
233389400 619174451
605006384 -990783837
21359928 -984629345
-442861703 101845149
-638725048 -604631431
-413267267 -308653809
-242356460 -63351919
850656921 223616710
-636296443 262855231
-265965039 -589907258
168786504 -310532542
-444984508 -693377743
394251677 -614649526
-612334279 657103320
21
-70385309 -757226539
46688588 -16258338
234536023 -340480261
988561187 459603407
659008686 635874128
-613949023 783418730
-817530204 630118275
-840794701 517235407
692323325 -67603228
621656553 -394050912
330374162 742843906
-380330183 -428287289
-891898099 454958056
-509069241 -842909152
887038677 -539636181
147531422 295657829
-306350397 659794648
920224483 663266745
491165187 214240826
-834765149 164082578
989495795 -849042715
67
-207555069 514295698
-320252577 536182583
29780151 629162835
825276938 944270446
-249106712 -992007370
921048149 -801297220
-733387777 959730209
607205921 -872820126
-329317190 650491234
180451606 -199426197
802021422 -480794179
175812741 741855287
818513849 862797176
-586000146 -546420787
611967427 -955518313
635839155 -165008444
776416229 -411120335
-572933899 -340583885
541890401 -228190636
-854885564 360012761
-835147400 -681052545
-243066846 -353848166
104073156 665001110
168340087 553581936
-401278042 159804915
810352053 -331229521
970779695 184706939
-244366016 810026303
-991274701 419068697
106344403 174306006
743351249 128899696
672265095 321128731
-474139926 886331692
-505220806 763929797
-800788924 798151061
-742162666 927112382
-50828061 -580346251
921441644 -68606107
-179418472 -910024188
-319448931 841198813
730608425 534462587
-858021550 687303907
556228548 752773254
604212578 277023356
-719888218 953644032
704667100 220705047
792054136 658632101
488876715 899046911
66737607 -232550695
13446847 -224427049
-688974738 272462942
-446614333 -398598470
722881194 -68599045
614240859 195358577
610230242 507294867
-289754356 -327593814
-98727877 566502836
-888259089 574388831
506547161 -104932446
240878655 119589929
741537890 75788467
-642929135 -905710137
741165787 561296355
-985381453 -348942622
387129856 558101567
814881197 869302356
129888091 -528896152
55
-459076320 729038430
980918996 876442695
20694399 -624555759
-887653432 673182820
453011933 866569375
-553204462 76630526
127316705 -178249429
-881017762 439443358
-485741047 -378130279
-234330832 -360751882
336358079 -519561198
943316240 321047736
-309292729 -809619415
-198804869 413670925
386547837 638252142
-873540575 -970811422
269273944 825016172
978252600 851587739
181724410 904668872
-875171797 798733876
232683309 -98852389
-191318656 -509370811
418051082 316858340
-64730961 -448041181
-74237356 237300338
-813570682 -922937656
-745585057 558308375
852570191 -200871812
574630043 -221784780
216287642 791085509
983996486 227079146
875531188 -533001253
817599059 -462173822
623580836 454114375
-646987109 -319066503
440607550 457347920
1667270 299733203
101924008 -484537242
-416287294 521163005
-735529480 801089898
961448408 873472328
307183791 -568023322
-233648148 -469804407
-99907039 -479995804
-21654433 593145770
-408485478 270964711
-315345874 -66445527
-23447344 -396494006
444191195 -885619618
-261746930 899020991
-625138780 -43946788
-82948241 -967182440
513402125 782176088
-422562871 -544686351
-538581711 932033999
63
-959797642 226689542
-501007881 25776929
-25496354 -184759340
299361137 296522696
-571988640 -437601976
834800753 454010225
-311229570 618253511
-864184519 -463672327
-463891585 695410234
-731149589 559238476
187163989 -526909645
-537867067 -333551560
-596253927 556922053
-878458261 854923614
435878774 -451026014
-593761948 -283823233
-867155812 -356272216
885241240 682674674
581303513 165114227
112777916 -847241934
989423967 -347782093
113588022 195001050
381266669 897005297
759325865 448301962
-842787463 -115775148
-15074524 -180478135
744155561 795185294
377829524 709752082
-70433300 -324709703
-977123456 -454496636
589354642 -261705280
-139633789 -872444795
-9588610 721623824
-401492904 829505198
-223887379 -161160166
920189207 -120999227
420266731 511389680
-312359212 943490612
-914748286 -9010702
-304655345 285390185
774347733 -784862572
-839522928 723392076
85360653 -120460715
-77157419 -572961858
823919131 428053577
-441744766 -17000893
-272422093 330640863
394669088 132874544
966538816 748530517
-199272061 -482804752
-599540822 563010438
431631904 151045649
-964370623 -745463545
50564153 -750455464
974293748 -17173481
414174863 -67858098
-113705944 594720099
181143429 438275453
674124236 910966222
20321145 296532185
715746626 -204686023
289176787 -411580999
939095931 -568957939
70
-848663851 352178930
461027135 -393981238
736939644 -993716336
792223358 -525241923
-128275373 879142163
970345532 -193179304
342895557 278588624
-498825789 -398390451
254580722 -383909389
53693018 115442180
-68916856 -503270169
479085898 -286762135
313309160 -613283890
987505976 -85896942
355443026 -88217525
578283503 43326859
507775304 330836033
-273108325 380183819
427050353 712825194
909717605 236186366
656217704 629587505
-427823380 -830083033
895592375 223180624
-139341128 307471475
193934940 309908180
418828618 -869221311
113328130 43607905
-685681042 53965412
264819956 660555734
829122515 972531680
-113036892 -747282689
-473942038 641018393
-704310999 518857041
773261267 -23942191
230372360 -808818204
578792234 76867529
-748482586 432520471
4028333 -174572599
-220291677 -234839207
370702625 987983915
-560737551 979479504
-967779310 240712559
458110769 -355738468
-537699394 913541708
443041857 -391083748
-886329461 686555141
197396628 -910556674
-853718049 -229383769
96135945 -257431662
-446190233 -401176114
-978284258 -150379388
607274228 -125033149
596931860 822513179
470110683 -439825150
625910046 -505510807
908124938 -327779381
572456348 638421355
-476054600 -417579139
254715580 476126819
-37633750 255815612
162937239 -409120506
-627152149 776152284
64982507 834080562
-419436961 -689048897
-366535436 -818267800
-529243062 917255180
553277383 341790415
-838456060 849157343
335280602 254874140
42453815 -646206914
79
-257651455 737110952
714228019 719865585
-691874395 528447032
900879199 807684369
551275221 989132738
-821186053 -654629183
-899127285 -361817654
-558737047 -773420656
-281048536 377295920
-441036376 815268965
-367058527 598715216
304784996 612792902
36856249 -437381113
-337872595 -999307866
289659422 667749842
312891115 944893268
-273098693 -371423833
405721158 258362918
485110438 416969756
-620277496 -101210925
432487046 -572950393
404670838 -26494350
283419945 929984593
-598322902 257244748
-331203372 248018069
959578468 109777916
890410697 368339445
-958659916 148039181
908139159 -647622811
328128262 -832554028
-397038364 871028948
997642694 -261486252
36470637 -115030030
-243646416 512545789
-91827229 -136992703
-118712857 -157421910
78978765 -35477936
532388268 120998034
-666039724 370993220
-874055796 -355682401
-619964053 -346024465
622312032 -415790270
686284652 733839905
55858031 569585041
-249472944 183340565
-241855267 -29709369
886620449 -157751491
776664215 125210311
-196200837 -560913040
708132341 -454651717
-635593657 -117093637
2063597 -708031752
109184177 -252046508
442037450 -562813268
718711496 -39377017
149685353 624868271
865950470 -658165522
147359506 931998863
479627599 -442198804
26665727 -559843888
-813283576 76010723
-626449803 672408866
-99626316 812605225
862200531 -745715270
-13694751 -133285309
477283392 13273050
-440032693 -495610489
887130779 -484735206
-69314577 -249947978
-112856804 -710921531
846540313 -656803886
-679746433 782730571
431738765 746742649
599645960 912894120
-819460851 -55414942
503464466 347697756
-369597988 -618015035
464178179 -986682830
-456438303 61929704
31
-327806470 89661281
-509118463 -775655681
405656224 215298467
-50383713 762567555
-891513622 -435264012
-347601802 -643494217
41373608 307342263
-353858003 594033000
-736224664 77355442
-889849437 878666366
-345079883 498829082
16217675 645479225
239026296 -847166215
-656346804 -517118533
-754931365 978418300
628997057 321887846
-54616004 100970825
-142295794 -571841352
678014183 -561055765
-429690544 335639617
673723781 -175775631
-190551984 771895382
587082308 -697324340
-806744729 708084090
924703760 -236060300
112422259 767286935
656536029 173535599
810294744 580816404
702223699 -662990855
12165089 771867701
-428425306 608641662
33
577228988 -555899317
-795340459 -193364410
-335874573 -95821489
183678332 203447744
-334358202 -528032968
590371052 -394482121
52095176 819037092
-702474946 922151115
354672716 876725457
735534438 -791585381
-4751876 -861495079
131729279 -214681177
250854515 720276418
-141945049 -10852647
-790870465 345593709
184400838 -676071672
167446217 -191946682
-211107456 -668573958
368268587 -155208945
488069603 -606905362
-497257912 -332811116
534914768 242230595
135656429 271061314
155328007 -172490039
784618361 67951592
-171874948 -554062924
138261735 -576788174
912071987 -492321035
273350289 171537728
16935458 -268004461
361549787 -277146507
-737749999 129662816
-805449766 -569825965
56
-468355993 708371122
-666557985 -602004730
-349369825 -971083468
548810977 587359917
861746495 -129182485
-370304488 -390338988
-932303471 -523743266
585406713 -141403015
-503721598 228802553
991431389 362038544
-570363672 446849953
-295980175 -129432634
168277565 -894264468
346098434 -51359740
421739168 930648866
-106650370 933703850
-579511353 586060055
-658718005 -295717431
-439638558 867016877
261194681 -608954411
568838960 405998879
206029610 673066567
-49946392 317677970
12575818 -960602488
-180072337 -219649577
-916742382 370865161
-648231670 -385289440
303645485 121682838
51443609 -877322886
209773685 184601303
-961769552 564559451
757615606 535524847
-856145662 534971739
447046478 -280101097
-606901693 -81462328
416991470 -850157558
-947922058 -807841003
430086636 -745420183
1271556 735897016
576648107 -606562117
511146846 243309527
-307547441 110343239
-972852583 -499965559
-14226358 758688901
483813047 935475691
727320233 -460412737
-168270809 -311979754
-329275861 521104289
963791702 981981865
868730739 -755257403
263322293 -3091348
-100700654 -852352267
562414299 930134291
669378108 14681850
666422222 572504410
126085178 61510826
70
-883069875 -59232358
-739869391 -970048561
737099698 -455545745
80941986 527742596
474354216 -464523181
366920358 -419308576
695592017 813289232
77899196 495057690
-830261701 -330520693
254445042 823822765
270815684 13557960
306160418 -798822157
137061440 3231719
240015665 514489175
-576028646 -200041198
-747891094 87817972
968889990 226117572
-621263605 -286431490
435528539 -16864195
482215230 44032370
556851659 201664265
334858452 624943599
-947220081 656981432
-630799047 448963034
677992211 -585576644
771469660 -761444113
556877381 877392523
895574198 -277462996
-781929518 147533781
-99244402 615174625
669336134 119042298
719304014 -182220833
809878466 -496561045
96802570 -142971496
300608629 942560439
-947415928 498862268
-725308224 -99409218
171353123 297034162
-360135682 219763645
-94165579 210960017
863200895 -172870355
216854261 -612559687
-938797003 725737647
44664059 87099717
35662024 -128814390
-248324185 -414255389
890421051 -314178242
-120118410 731924756
-1531135 776133075
-538015908 630483176
-573482338 806747059
-124690150 -44102638
-819442818 -348103274
-352314268 -444710844
-547808740 -346447975
122103712 -165844476
-526379012 -92011119
34549819 559372589
419868802 361966783
543338742 722131139
521750097 -803820323
730376549 928088960
58290239 -630395272
-207540935 244558928
549992447 -723310600
-436934130 -432604148
164640323 12179261
173630342 420769008
89669493 451074493
-657401802 59123067
17
-401866252 113994965
620321970 705866427
91734737 -779446847
-389618467 892606958
-824726052 -351267358
-784378619 -846570997
512500648 -928370726
-501457081 533278478
-839184331 -705127900
530432540 -605572222
-532452231 414279062
-892592060 588027571
-523204201 -950272953
537429347 368496857
763210695 900427481
674241785 152026768
-485778034 536945611
28
807548988 498606896
-39671699 39600938
-538187340 -631582066
688560523 960750230
517560873 116171245
-522539542 278097863
-386077480 39534970
918696467 -769848305
268806921 -725291648
-7584304 753496957
487634492 -507772177
-56560383 708869471
732321950 -199750051
-529181227 -883174875
547789502 403586441
930631305 219651878
184675772 -460854622
638110210 809472035
12153290 583180834
-646423429 628959869
963224450 763755186
-232997241 179291684
795376683 -614282818
911549690 465936960
-363724897 -811013821
-250007614 340772217
579751728 -828050291
604124847 770217130
88
-540511954 64785057
-323750802 -21253537
-730519465 -14081628
554096832 -976491463
-528537980 -483253258
108324948 356223453
-221789104 431326583
55567894 -778319786
-957701067 -93384306
651310691 744590879
25832000 -838048557
749275657 578523983
-444647374 534310172
627842108 -980879395
-89212231 -339526770
287594258 -764988638
437877192 -865808758
979622124 324286046
-349755584 -751030363
-481785976 673284744
133123793 300354646
-826184878 741684284
850296718 -640985074
323089036 874595661
-964841152 693806788
596742931 -903162237
-481888459 82766656
-926581043 -203582191
108040097 -493961203
946335485 -898889203
-271602631 724397932
-384949036 -962208073
980508821 -563532985
702891599 -618670618
-91307023 18328467
608983383 -18383868
-201158470 -446151341
850405229 -137558905
-689627117 -153447982
52075976 520131818
-328298254 903752622
950343034 24087060
-182952628 110460596
-752576173 -327228417
433630716 978695421
-470562325 465634496
637918058 307692422
552057863 -325126152
-551883775 712889961
321872903 -941112540
-745720761 83488687
-842126072 725588862
-526948548 -374028048
120220197 423219383
900019784 -412040074
-389109627 -74068310
804801300 -111993370
464427909 -113344657
177596578 959470686
-471975432 -471172666
366148529 143303918
956816879 788251417
48748544 -14893177
301182521 -746385789
585187758 648176240
957373141 -880562766
-864363084 633139733
-636109510 171207236
-513928947 -47455628
-968948886 681827556
79977583 982627331
36142762 529995784
746241802 -233793970
120098437 -492962434
-643075942 -854233608
-390262861 283401965
295071467 223720640
302136459 -584811680
46340835 102515076
434063139 -345608226
653444954 18396364
-36603574 -682109167
728901884 849794474
-883793701 -971229047
-980269683 641805371
-286794718 625370361
953861747 687862115
468908636 -601267296
59
-193824596 -32276545
-208994882 573878180
804428910 215133764
-217760164 -334777460
-676777222 -678518716
220491713 293110503
808919860 749550496
748271485 -963626681
902131379 311849402
-549681722 -559031365
972961997 -214413576
-178740017 -382123594
248972725 670243041
552579548 -72321159
784189585 277223435
-694038348 -869765800
-2522213 37235774
-732103768 162225958
70450921 100638520
-346980216 63803696
786769576 -373656524
-408656602 -41157655
855315062 351891279
603558022 883873250
43501949 419361137
-959514519 431603742
482566637 636868277
802338831 989046872
-265652811 -69740167
-644749473 -467488390
759267875 -303991941
-590135454 -527359694
-445837914 -737011310
279461701 314414080
-576831434 -757951242
80407910 426662789
357996002 812623868
-709499278 329406830
386168380 439166304
26324740 208159211
101944925 -6728659
312879450 -542451084
976616058 -836235316
-181200169 786474261
119306341 -187793238
-519857563 -751098633
-5058808 -849610321
-959148463 293561195
-14032137 -467453645
823819733 380829938
-610142167 151969913
-667255897 410389463
-288739471 -16254136
328825509 -147089345
-458904790 29262841
467517594 969583777
473399867 289913710
24606454 -367830476
-7517648 291069351
16
-487027009 -334683625
-580982157 89961878
149435459 49374357
85133042 541493164
-412736769 -20968447
-882037169 -773499967
596879681 -166074235
605209428 830691713
99133060 -122487670
376655201 -570850498
-987723751 -693218219
-243523541 -319922409
-178930355 554475908
671504305 580191740
804136199 -940753025
-980561029 333753659
17
-566927555 -315917694
-995748270 -341454862
741005382 -868390604
968597974 212974061
502493211 -808913195
-16733631 -191838180
-32953504 920921591
-177469126 -596375551
441410456 572164166
385337486 164979496
-215632199 333268618
-508341532 331453977
692235260 493564321
592854323 -577369341
867569042 965463572
-982479187 146681381
476969999 -520801086
82
-355720825 51441419
-819340208 373622537
899943942 629848465
886467329 -610931238
-994790095 -346884520
-249617190 481632857
-332501422 -88584397
153807764 12885060
121949540 -897419794
494313482 471651967
-91276862 -990866056
352821566 -431126285
110799069 -344388584
976999306 386706941
718590267 207836156
655353421 206707565
465662198 -991180427
-412097074 219975222
33136847 429742469
-302412663 683293616
269128594 560372945
647759786 253072619
701385140 807531422
930048562 716866815
-121035071 -267503828
464678225 794760895
158228288 603273170
-399646162 -950313346
193194764 -294117352
76967875 -147420736
-777888470 81756911
970279571 478665197
18142245 125391997
-414381745 701253443
178572176 604703656
-926911129 293776397
-464575333 -678582409
-443688109 560955254
917205091 677438345
336630764 741214454
-434762885 -76057359
601052090 580844835
694243265 -893527267
678994866 831844595
212843177 -488265109
-719953324 597180329
149638525 -11984545
-133255097 834133025
976690718 728220323
-326112742 -560181623
-668024535 23137334
752853968 129077147
609665291 -75594574
-874105223 -656130887
302263032 694133934
212236310 965985561
-250139041 345350369
-966711447 12130220
740053352 -738261485
802634587 902505122
-387995116 -591561501
954713725 842519669
-709635307 476770871
978056169 519516758
-274546509 -831196734
-803456257 -404569882
345665447 224377895
-145043913 151277173
812110190 -392816166
-943773586 -474454462
-432707387 412859813
-519651982 -858848999
90800953 -675386926
581608478 22710059
122628002 -560808088
-960804358 -464100358
-423668382 -477744853
43857771 -568674078
641671289 -469447153
796065297 -616436860
-203008133 762773958
986146280 156950560
31
-223651544 -701800269
-341447833 403744517
-212276150 -63674707
-480058767 63658744
303101501 125924752
-383201661 -206802896
105563438 -445470669
-81716401 -600732143
96537746 873406818
-516852901 -524019913
-163497212 -771820138
-551369713 -146490350
-642384199 644218430
833091465 -918362024
-399478894 -694347966
464233256 -792085063
-41898421 973662608
-858249482 580389173
-946257730 338417870
635792225 -663834805
437400861 -851711287
-403730237 -741256413
-450210588 -934343744
867486926 907443116
-305311923 -602433399
-680860711 -36864355
-503315386 -970567595
924499178 -140652478
-355915081 -784214828
-124201414 105155502
404014553 576927867
